%%%%%%%%%%%%%%%%%%%%%%%%%%%%%%%%%%%%%%%%%%%%%%%%%%%%%%%%%%%%%%%%%%%%%%%%%%%
%%%%                                                                  %%%%%
%%%%    This is a modified SCOTS-feasible instance adapted from the   %%%%%
%%%%                                :                                 %%%%%
%%%%    IEEE PES Power Grid Library - Optimal Power Flow - v21.07     %%%%%
%%%%          (https://github.com/power-grid-lib/pglib-opf)           %%%%%
%%%%               Benchmark Group - Typical Operations               %%%%%
%%%%                         29 - July - 2021                         %%%%%
%%%%                                                                  %%%%%
%%%%%%%%%%%%%%%%%%%%%%%%%%%%%%%%%%%%%%%%%%%%%%%%%%%%%%%%%%%%%%%%%%%%%%%%%%%
%
%   Power flow data for IEEE 17-Generator Dynamic Test Case.
%   This data was converted from IEEE Common Data Format
%   (dd17cdf.txt) on 11-Jul-2014 by cdf2matp, rev. 2327
%   See end of file for warnings generated during conversion.
%
%   Converted from IEEE CDF file from:
%       http://www.ee.washington.edu/research/pstca/
%
%   Copyright (c) 1999 by Richard D. Christie, University of Washington
%   Electrical Engineering Licensed under the Creative Commons Attribution 4.0
%   International license, http://creativecommons.org/licenses/by/4.0/
%
%   CDF Header:
%   01/02/90 IEEE WORKING GROUP    100.0 1990 S 17-GEN  CASE
%
%% MATPOWER Case Format : Version 2
function mpc = pglib_opf_case162_ieee_dtc
mpc.version = '2';

%%-----  Power Flow Data  -----%%
%% system MVA base
mpc.baseMVA = 100.0;
%% bus data
%    bus_i    type    Pd    Qd    Gs    Bs    area    Vm    Va    baseKV    zone    Vmax    Vmin
mpc.bus = [
	1	1	0.0	0.0	0.0	-100.0	1	1.0	0.0	345.0	9	1.06	0.94				
	2	1	0.0	0.0	0.0	0.0	1	1.0	0.0	345.0	9	1.06	0.94				
	3	1	370.0	96.9	0.0	0.0	1	1.0	0.0	161.0	12	1.06	0.94				
	4	1	0.0	0.0	0.0	0.0	1	1.0	0.0	345.0	3	1.06	0.94				
	5	1	0.0	0.0	0.0	-50.0	1	1.0	0.0	345.0	8	1.06	0.94				
	6	2	0.0	0.0	0.0	0.0	1	1.0	0.0	22.0	9	1.06	0.94				
	7	1	0.0	0.0	0.0	0.0	1	1.0	0.0	345.0	9	1.06	0.94				
	8	1	398.0	0.0	0.0	0.0	1	1.0	0.0	115.0	12	1.06	0.94				
	9	1	0.0	0.0	0.0	0.0	1	1.0	0.0	345.0	8	1.06	0.94				
	10	1	226.0	0.0	0.0	0.0	1	1.0	0.0	230.0	12	1.06	0.94				
	11	1	0.0	0.0	0.0	0.0	1	1.0	0.0	230.0	10	1.06	0.94				
	12	1	193.0	0.0	0.0	0.0	1	1.0	0.0	115.0	12	1.06	0.94				
	13	1	204.0	0.0	0.0	0.0	1	1.0	0.0	345.0	12	1.06	0.94				
	14	1	381.0	0.0	0.0	0.0	1	1.0	0.0	161.0	12	1.06	0.94				
	15	1	-80.0	0.0	0.0	0.0	1	1.0	0.0	230.0	12	1.06	0.94				
	16	1	-54.2	0.0	0.0	0.0	1	1.0	0.0	161.0	12	1.06	0.94				
	17	1	-116.5	0.0	0.0	0.0	1	1.0	0.0	161.0	12	1.06	0.94				
	18	1	34.4	11.67	0.0	0.0	1	1.0	0.0	161.0	6	1.06	0.94				
	19	1	64.4	0.0	0.0	0.0	1	1.0	0.0	161.0	12	1.06	0.94				
	20	1	37.9	12.5	0.0	0.0	1	1.0	0.0	69.0	10	1.06	0.94				
	21	1	-69.8	0.0	0.0	0.0	1	1.0	0.0	161.0	12	1.06	0.94				
	22	1	17.39	5.27	0.0	0.0	1	1.0	0.0	161.0	6	1.06	0.94				
	23	1	63.5	0.0	0.0	0.0	1	1.0	0.0	161.0	12	1.06	0.94				
	24	1	0.0	0.0	0.0	0.0	1	1.0	0.0	161.0	6	1.06	0.94				
	25	1	0.0	0.0	0.0	-50.0	1	1.0	0.0	345.0	6	1.06	0.94				
	26	1	0.0	0.0	0.0	-50.0	1	1.0	0.0	345.0	1	1.06	0.94				
	27	1	324.0	57.9	0.0	0.0	1	1.0	0.0	345.0	12	1.06	0.94				
	28	1	38.47	13.17	0.0	0.0	1	1.0	0.0	161.0	6	1.06	0.94				
	29	1	28.31	9.03	0.0	0.0	1	1.0	0.0	161.0	6	1.06	0.94				
	30	1	101.2	32.52	0.0	15.0	1	1.0	0.0	161.0	6	1.06	0.94				
	31	1	72.5	0.0	0.0	0.0	1	1.0	0.0	161.0	12	1.06	0.94				
	32	1	52.7	15.06	0.0	20.0	1	1.0	0.0	161.0	6	1.06	0.94				
	33	1	45.17	15.06	0.0	20.0	1	1.0	0.0	161.0	6	1.06	0.94				
	34	1	14.18	5.25	0.0	3.2	1	1.0	0.0	161.0	1	1.06	0.94				
	35	1	54.48	14.63	0.0	5.0	1	1.0	0.0	161.0	1	1.06	0.94				
	36	1	31.96	8.68	0.0	3.0	1	1.0	0.0	161.0	2	1.06	0.94				
	37	1	0.0	0.0	0.0	0.0	1	1.0	0.0	345.0	11	1.06	0.94				
	38	1	14.76	4.08	0.0	1.5	1	1.0	0.0	161.0	2	1.06	0.94				
	39	1	0.0	0.0	0.0	0.0	1	1.0	0.0	345.0	6	1.06	0.94				
	40	1	52.88	17.6	0.0	0.0	1	1.0	0.0	161.0	1	1.06	0.94				
	41	1	39.2	12.8	0.0	0.0	1	1.0	0.0	161.0	1	1.06	0.94				
	42	1	0.0	0.0	0.0	0.0	1	1.0	0.0	345.0	2	1.06	0.94				
	43	1	41.5	0.0	0.0	0.0	1	1.0	0.0	161.0	12	1.06	0.94				
	44	1	16.32	3.71	0.0	0.0	1	1.0	0.0	161.0	2	1.06	0.94				
	45	1	20.02	5.41	0.0	1.9	1	1.0	0.0	161.0	2	1.06	0.94				
	46	1	65.31	22.3	0.0	26.2	1	1.0	0.0	161.0	10	1.06	0.94				
	47	1	4.82	1.56	0.0	0.0	1	1.0	0.0	161.0	2	1.06	0.94				
	48	1	33.76	22.86	0.0	0.0	1	1.0	0.0	161.0	10	1.06	0.94				
	49	1	6.82	1.78	0.0	0.0	1	1.0	0.0	161.0	2	1.06	0.94				
	50	1	99.7	0.0	0.0	0.0	1	1.0	0.0	161.0	12	1.06	0.94				
	51	1	0.0	0.0	0.0	0.0	1	1.0	0.0	161.0	3	1.06	0.94				
	52	1	218.2	42.8	0.0	0.0	1	1.0	0.0	161.0	3	1.06	0.94				
	53	1	0.0	0.0	0.0	0.0	1	1.0	0.0	161.0	10	1.06	0.94				
	54	1	70.34	29.57	0.0	0.0	1	1.0	0.0	161.0	10	1.06	0.94				
	55	1	0.0	0.0	0.0	0.0	1	1.0	0.0	161.0	1	1.06	0.94				
	56	1	25.29	7.26	0.0	3.2	1	1.0	0.0	161.0	7	1.06	0.94				
	57	1	48.48	15.61	0.0	0.0	1	1.0	0.0	161.0	1	1.06	0.94				
	58	1	0.0	0.0	0.0	0.0	1	1.0	0.0	230.0	10	1.06	0.94				
	59	1	84.43	27.05	0.0	0.0	1	1.0	0.0	230.0	10	1.06	0.94				
	60	1	244.0	0.0	0.0	0.0	1	1.0	0.0	115.0	12	1.06	0.94				
	61	1	0.0	0.0	0.0	0.0	1	1.0	0.0	230.0	10	1.06	0.94				
	62	1	-865.6	0.0	0.0	0.0	1	1.0	0.0	230.0	12	1.06	0.94				
	63	1	59.1	0.0	0.0	0.0	1	1.0	0.0	230.0	12	1.06	0.94				
	64	1	0.0	0.0	0.0	0.0	1	1.0	0.0	345.0	10	1.06	0.94				
	65	1	-26.3	0.0	0.0	0.0	1	1.0	0.0	345.0	12	1.06	0.94				
	66	1	0.0	0.0	0.0	-50.0	1	1.0	0.0	345.0	10	1.06	0.94				
	67	1	22.54	7.03	0.0	6.0	1	1.0	0.0	161.0	7	1.06	0.94				
	68	1	40.42	12.68	0.0	12.0	1	1.0	0.0	161.0	7	1.06	0.94				
	69	1	0.0	0.0	0.0	0.0	1	1.0	0.0	161.0	1	1.06	0.94				
	70	1	0.0	0.0	0.0	0.0	1	1.0	0.0	161.0	1	1.06	0.94				
	71	1	29.87	11.93	0.0	12.0	1	1.0	0.0	161.0	1	1.06	0.94				
	72	1	427.0	0.0	0.0	0.0	1	1.0	0.0	161.0	12	1.06	0.94				
	73	2	0.0	0.0	0.0	0.0	1	1.0	0.0	20.0	1	1.06	0.94				
	74	1	0.0	0.0	0.0	0.0	1	1.0	0.0	345.0	5	1.06	0.94				
	75	1	0.0	0.0	0.0	-50.0	1	1.0	0.0	345.0	8	1.06	0.94				
	76	2	0.0	0.0	0.0	0.0	1	1.0	0.0	24.0	1	1.06	0.94				
	77	1	26.41	8.78	0.0	4.7	1	1.0	0.0	161.0	1	1.06	0.94				
	78	1	79.12	0.0	0.0	0.0	1	1.0	0.0	161.0	5	1.06	0.94				
	79	1	0.0	0.0	0.0	0.0	1	1.0	0.0	161.0	5	1.06	0.94				
	80	1	15.76	5.25	0.0	2.8	1	1.0	0.0	161.0	1	1.06	0.94				
	81	1	50.88	16.8	0.0	22.1	1	1.0	0.0	69.0	1	1.06	0.94				
	82	1	62.28	20.26	0.0	10.4	1	1.0	0.0	161.0	1	1.06	0.94				
	83	1	0.0	0.0	0.0	0.0	1	1.0	0.0	161.0	1	1.06	0.94				
	84	1	37.9	9.49	0.0	2.6	1	1.0	0.0	161.0	2	1.06	0.94				
	85	1	40.52	11.26	0.0	12.0	1	1.0	0.0	161.0	1	1.06	0.94				
	86	1	50.73	13.35	0.0	12.0	1	1.0	0.0	161.0	2	1.06	0.94				
	87	1	16.91	4.23	0.0	0.0	1	1.0	0.0	115.0	2	1.06	0.94				
	88	1	60.6	4.44	0.0	0.0	1	1.0	0.0	69.0	4	1.06	0.94				
	89	1	0.0	0.0	0.0	0.0	1	1.0	0.0	115.0	2	1.06	0.94				
	90	1	50.21	16.76	0.0	10.0	1	1.0	0.0	115.0	2	1.06	0.94				
	91	1	51.24	12.83	0.0	0.0	1	1.0	0.0	161.0	2	1.06	0.94				
	92	1	36.12	9.05	0.0	0.0	1	1.0	0.0	161.0	2	1.06	0.94				
	93	1	103.8	34.56	0.0	0.0	1	1.0	0.0	161.0	2	1.06	0.94				
	94	1	164.0	6.49	0.0	0.0	1	1.0	0.0	161.0	5	1.06	0.94				
	95	1	117.2	39.01	0.0	0.0	1	1.0	0.0	115.0	2	1.06	0.94				
	96	1	119.2	0.0	0.0	0.0	1	1.0	0.0	115.0	2	1.06	0.94				
	97	1	22.84	5.71	0.0	0.0	1	1.0	0.0	115.0	2	1.06	0.94				
	98	1	151.1	50.35	0.0	0.0	1	1.0	0.0	115.0	2	1.06	0.94				
	99	2	0.0	0.0	0.0	0.0	1	1.0	0.0	18.0	2	1.06	0.94				
	100	1	23.21	6.9	0.0	3.0	1	1.0	0.0	115.0	2	1.06	0.94				
	101	2	0.0	0.0	0.0	0.0	1	1.0	0.0	14.0	2	1.06	0.94				
	102	1	16.54	4.08	0.0	0.0	1	1.0	0.0	161.0	2	1.06	0.94				
	103	1	322.0	0.0	0.0	0.0	1	1.0	0.0	161.0	12	1.06	0.94				
	104	1	31.52	10.46	0.0	5.6	1	1.0	0.0	115.0	2	1.06	0.94				
	105	1	24.84	6.23	0.0	1.7	1	1.0	0.0	115.0	2	1.06	0.94				
	106	1	0.0	0.0	0.0	0.0	1	1.0	0.0	161.0	4	1.06	0.94				
	107	1	35.41	5.41	0.0	0.0	1	1.0	0.0	161.0	4	1.06	0.94				
	108	3	0.0	0.0	0.0	0.0	1	1.0	0.0	22.0	2	1.06	0.94				
	109	1	0.0	0.0	0.0	0.0	1	1.0	0.0	345.0	5	1.06	0.94				
	110	1	0.0	0.0	0.0	0.0	1	1.0	0.0	161.0	3	1.06	0.94				
	111	1	65.41	16.72	0.0	0.0	1	1.0	0.0	161.0	3	1.06	0.94				
