%%%%%%%%%%%%%%%%%%%%%%%%%%%%%%%%%%%%%%%%%%%%%%%%%%%%%%%%%%%%%%%%%%%%%%%%%%%
%%%%                                                                  %%%%%
%%%%    This is a modified SCOTS-feasible instance adapted from the   %%%%%
%%%%                                :                                 %%%%%
%%%%    IEEE PES Power Grid Library - Optimal Power Flow - v21.07     %%%%%
%%%%          (https://github.com/power-grid-lib/pglib-opf)           %%%%%
%%%%               Benchmark Group - Typical Operations               %%%%%
%%%%                         29 - July - 2021                         %%%%%
%%%%                                                                  %%%%%
%%%%%%%%%%%%%%%%%%%%%%%%%%%%%%%%%%%%%%%%%%%%%%%%%%%%%%%%%%%%%%%%%%%%%%%%%%%
%
%   This case was prepared as part of PSERC M-21, "Technical and Economic 
%   Implications of Greenhouse Gas Regulation in a Transmission Constrained 
%   Restructured Electricity Market", which is available at https://pserc.wisc.edu
%   This dataset only includes the network model, the original report has a
%   variety of additional data, which are discussed in the following technical
%   report, 
%
%   Price, J. & Goodin, J.
%   "Reduced Network Modeling of WECC as a Market Design Prototype"
%   Power and Energy Society General Meeting
%   Detroit, MI, July, 2011
%
%   Copyright (c) 2011, Power Systems Engineering Research Center (PSERC)
%   Licensed under the Creative Commons Attribution 4.0 International license,
%   http://creativecommons.org/licenses/by/4.0/
%
%% MATPOWER Case Format : Version 2
function mpc = pglib_opf_case240_pserc
mpc.version = '2';

%%-----  Power Flow Data  -----%%
%% system MVA base
mpc.baseMVA = 100.0;
%% bus data
%    bus_i    type    Pd    Qd    Gs    Bs    area    Vm    Va    baseKV    zone    Vmax    Vmin
mpc.bus = [
	1001	1	0.0	0.0	0.0	0.0	10	1.0	0.0	500.0	1	1.1	0.9				
	1002	1	226.8419	-37.472	0.0	0.0	10	1.0	0.0	345.0	1	1.1	0.9				
	1003	1	2153.3224	366.856	0.0	0.0	10	1.0	0.0	230.0	1	1.1	0.9				
	1004	1	1037.9499	5.521	0.0	0.0	10	1.0	0.0	345.0	1	1.1	0.9				
	1032	2	0.0	0.0	0.0	0.0	10	1.0	0.0	20.0	1	1.1	0.9				
	1034	2	0.0	0.0	0.0	0.0	10	1.0	0.0	20.0	1	1.1	0.9				
	1101	1	4527.3661	-137.044	0.0	0.0	10	1.0	0.0	500.0	1	1.1	0.9				
	1102	1	176.4436	23.004	0.0	0.0	10	1.0	0.0	345.0	1	1.1	0.9				
	1131	2	0.0	0.0	0.0	0.0	10	1.0	0.0	20.0	1	1.1	0.9				
	1201	1	166.9882	-2.012	0.0	0.0	10	1.0	0.0	500.0	1	1.1	0.9				
	1202	1	875.61	287.131	0.0	0.0	10	1.0	0.0	500.0	1	1.1	0.9				
	1232	2	0.0	0.0	0.0	0.0	10	1.0	0.0	20.0	1	1.1	0.9				
	1301	1	2704.7793	352.826	0.0	0.0	10	1.0	0.0	500.0	1	1.1	0.9				
	1302	1	17.5556	2.304	0.0	0.0	10	1.0	0.0	500.0	1	1.1	0.9				
	1303	1	6235.136	813.349	0.0	0.0	10	1.0	0.0	345.0	1	1.1	0.9				
	1331	2	0.0	0.0	0.0	0.0	10	1.0	0.0	20.0	1	1.1	0.9				
	1333	2	0.0	0.0	0.0	0.0	10	1.0	0.0	20.0	1	1.1	0.9				
	1401	1	6535.5365	1524.594	0.0	0.0	10	1.0	0.0	500.0	1	1.1	0.9				
	1402	1	5366.6305	-600.162	0.0	0.0	10	1.0	0.0	500.0	1	1.1	0.9				
	1403	1	0.0	0.0	0.0	0.0	10	1.0	0.0	230.0	1	1.1	0.9				
	1431	2	0.0	0.0	0.0	0.0	10	1.0	0.0	20.0	1	1.1	0.9				
	2000	1	2207.188	287.916	0.0	0.0	20	1.0	0.0	230.0	1	1.1	0.9				
	2030	2	0.0	0.0	0.0	0.0	20	1.0	0.0	20.0	1	1.1	0.9				
	2100	1	281.1513	54.83	0.0	0.0	21	1.0	0.0	230.0	1	1.1	0.9				
	2130	2	0.0	0.0	0.0	0.0	21	1.0	0.0	20.0	1	1.1	0.9				
	2201	1	0.0	0.0	0.0	0.0	22	1.0	0.0	500.0	1	1.1	0.9				
	2202	1	1545.949	268.565	0.0	0.0	22	1.0	0.0	230.0	1	1.1	0.9				
	2203	1	1708.5525	278.273	0.0	0.0	22	1.0	0.0	230.0	1	1.1	0.9				
	2233	2	0.0	0.0	0.0	0.0	22	1.0	0.0	20.0	1	1.1	0.9				
	2301	1	0.0	0.0	0.0	0.0	22	1.0	0.0	500.0	1	1.1	0.9				
	2302	1	0.0	0.0	0.0	0.0	22	1.0	0.0	230.0	1	1.1	0.9				
	2332	2	0.0	0.0	0.0	0.0	22	1.0	0.0	20.0	1	1.1	0.9				
	2400	1	843.2926	76.663	0.0	0.0	24	1.0	0.0	500.0	1	1.1	0.9				
	2401	1	882.3636	105.214	0.0	0.0	24	1.0	0.0	500.0	1	1.1	0.9				
	2402	1	1080.0201	81.979	0.0	0.0	24	1.0	0.0	500.0	1	1.1	0.9				
	2403	1	1050.004	38.543	0.0	0.0	24	1.0	0.0	500.0	1	1.1	0.9				
	2404	1	0.0	0.0	0.0	0.0	24	1.0	0.0	500.0	1	1.1	0.9				
	2405	1	824.6826	22.901	0.0	0.0	24	1.0	0.0	230.0	1	1.1	0.9				
	2406	1	737.4036	-40.751	0.0	0.0	24	1.0	0.0	230.0	1	1.1	0.9				
	2407	1	1732.771	-36.535	0.0	0.0	24	1.0	0.0	230.0	1	1.1	0.9				
	2408	1	1743.2768	-72.623	0.0	0.0	24	1.0	0.0	230.0	1	1.1	0.9				
	2409	1	1601.7777	-86.698	0.0	0.0	24	1.0	0.0	230.0	1	1.1	0.9				
	2410	1	1576.7872	58.184	0.0	0.0	24	1.0	0.0	230.0	1	1.1	0.9				
	2411	1	1087.6239	75.955	0.0	0.0	24	1.0	0.0	230.0	1	1.1	0.9				
	2438	2	0.0	0.0	0.0	0.0	24	1.0	0.0	20.0	1	1.1	0.9				
	2501	1	0.0	0.0	0.0	0.0	25	1.0	0.0	500.0	1	1.1	0.9				
	2502	1	2369.1531	-91.905	0.0	0.0	25	1.0	0.0	230.0	1	1.1	0.9				
	2503	1	1845.9256	201.991	0.0	0.0	25	1.0	0.0	230.0	1	1.1	0.9				
	2533	2	0.0	0.0	0.0	0.0	25	1.0	0.0	20.0	1	1.1	0.9				
	2600	1	-1863.9044	0.0	0.0	0.0	90	1.0	0.0	500.0	1	1.1	0.9				
	2601	1	0.0	0.0	0.0	0.0	26	1.0	0.0	500.0	1	1.1	0.9				
	2602	1	99.2784	12.955	0.0	0.0	26	1.0	0.0	500.0	1	1.1	0.9				
	2603	1	0.0	0.0	0.0	0.0	26	1.0	0.0	500.0	1	1.1	0.9				
	2604	1	2050.7816	0.0	0.0	0.0	90	1.0	0.0	345.0	1	1.1	0.9				
	2605	1	0.0	0.0	0.0	0.0	26	1.0	0.0	287.0	1	1.1	0.9				
	2606	1	0.0	0.0	0.0	0.0	26	1.0	0.0	287.0	1	1.1	0.9				
	2607	1	0.0	0.0	0.0	0.0	26	1.0	0.0	287.0	1	1.1	0.9				
	2608	1	99.2784	12.955	0.0	0.0	26	1.0	0.0	230.0	1	1.1	0.9				
	2609	1	134.0261	26.805	0.0	0.0	26	1.0	0.0	230.0	1	1.1	0.9				
	2610	1	99.2784	12.955	0.0	0.0	26	1.0	0.0	230.0	1	1.1	0.9				
	2611	1	99.2784	12.955	0.0	0.0	26	1.0	0.0	230.0	1	1.1	0.9				
	2612	1	120.1277	24.819	0.0	0.0	26	1.0	0.0	230.0	1	1.1	0.9				
	2613	1	317.693	64.532	0.0	0.0	26	1.0	0.0	230.0	1	1.1	0.9				
	2614	1	137.0047	27.798	0.0	0.0	26	1.0	0.0	230.0	1	1.1	0.9				
	2615	1	801.9756	131.148	0.0	0.0	26	1.0	0.0	230.0	1	1.1	0.9				
	2616	1	116.1565	23.827	0.0	0.0	26	1.0	0.0	230.0	1	1.1	0.9				
	2617	1	120.1277	24.819	0.0	0.0	26	1.0	0.0	230.0	1	1.1	0.9				
	2618	1	881.2994	-6.155	0.0	0.0	26	1.0	0.0	230.0	1	1.1	0.9				
	2619	1	-2773.8339	0.0	0.0	0.0	90	1.0	0.0	230.0	1	1.1	0.9				
	2620	1	203.7206	17.473	0.0	0.0	26	1.0	0.0	230.0	1	1.1	0.9				
	2621	1	235.4897	-62.745	0.0	0.0	26	1.0	0.0	138.0	1	1.1	0.9				
	2630	2	0.0	0.0	0.0	0.0	26	1.0	0.0	20.0	1	1.1	0.9				
	2631	2	0.0	0.0	0.0	0.0	26	1.0	0.0	20.0	1	1.1	0.9				
	2634	2	0.0	0.0	0.0	0.0	90	1.0	0.0	20.0	1	1.1	0.9				
	2637	2	0.0	0.0	0.0	0.0	26	1.0	0.0	20.0	1	1.1	0.9				
	2638	2	0.0	0.0	0.0	0.0	26	1.0	0.0	20.0	1	1.1	0.9				
	2901	1	0.0	0.0	0.0	0.0	24	1.0	0.0	500.0	1	1.1	0.9				
	2902	1	0.0	0.0	0.0	0.0	24	1.0	0.0	500.0	1	1.1	0.9				
	3101	1	341.3057	52.828	0.0	0.0	31	1.0	0.0	230.0	1	1.1	0.9				
	3102	1	159.4648	24.929	0.0	0.0	31	1.0	0.0	230.0	1	1.1	0.9				
	3103	1	419.6109	59.777	0.0	0.0	32	1.0	0.0	230.0	1	1.1	0.9				
	3104	1	309.9718	40.133	0.0	0.0	31	1.0	0.0	115.0	1	1.1	0.9				
	3105	1	239.3018	49.091	0.0	0.0	31	1.0	0.0	115.0	1	1.1	0.9				
	3133	2	0.0	0.0	0.0	0.0	32	1.0	0.0	20.0	1	1.1	0.9				
	3135	2	0.0	0.0	0.0	0.0	31	1.0	0.0	20.0	1	1.1	0.9				
	3201	1	462.4769	97.849	0.0	0.0	32	1.0	0.0	230.0	1	1.1	0.9				
	3202	1	586.1795	83.473	0.0	0.0	32	1.0	0.0	230.0	1	1.1	0.9				
	3203	1	657.1046	158.476	0.0	0.0	32	1.0	0.0	230.0	1	1.1	0.9				
	3204	1	668.7879	95.313	0.0	0.0	32	1.0	0.0	230.0	1	1.1	0.9				
	3205	1	546.0609	77.782	0.0	0.0	32	1.0	0.0	230.0	1	1.1	0.9				
	3234	2	0.0	0.0	0.0	0.0	32	1.0	0.0	20.0	1	1.1	0.9				
	3301	1	0.0	0.0	0.0	0.0	32	1.0	0.0	500.0	1	1.1	0.9				
	3302	1	345.3259	85.791	0.0	0.0	32	1.0	0.0	230.0	1	1.1	0.9				
	3303	1	625.4106	150.715	0.0	0.0	32	1.0	0.0	230.0	1	1.1	0.9				
	3304	1	533.4822	122.616	0.0	0.0	32	1.0	0.0	230.0	1	1.1	0.9				
	3305	1	430.3196	61.225	0.0	0.0	32	1.0	0.0	230.0	1	1.1	0.9				
	3333	2	0.0	0.0	0.0	0.0	32	1.0	0.0	20.0	1	1.1	0.9				
	3401	1	557.7071	135.909	0.0	0.0	34	1.0	0.0	230.0	1	1.1	0.9				
	3402	1	0.0	0.0	0.0	0.0	34	1.0	0.0	230.0	1	1.1	0.9				
	3403	1	515.9687	73.583	0.0	0.0	34	1.0	0.0	230.0	1	1.1	0.9				
	3404	1	438.461	62.075	0.0	0.0	34	1.0	0.0	230.0	1	1.1	0.9				
	3405	1	448.8976	63.723	0.0	0.0	34	1.0	0.0	230.0	1	1.1	0.9				
