%%%%%%%%%%%%%%%%%%%%%%%%%%%%%%%%%%%%%%%%%%%%%%%%%%%%%%%%%%%%%%%%%%%%%%%%%%%
%%%%                                                                  %%%%%
%%%%    This is a modified SCOTS-feasible instance adapted from the   %%%%%
%%%%                                :                                 %%%%%
%%%%    IEEE PES Power Grid Library - Optimal Power Flow - v21.07     %%%%%
%%%%          (https://github.com/power-grid-lib/pglib-opf)           %%%%%
%%%%               Benchmark Group - Typical Operations               %%%%%
%%%%                         29 - July - 2021                         %%%%%
%%%%                                                                  %%%%%
%%%%%%%%%%%%%%%%%%%%%%%%%%%%%%%%%%%%%%%%%%%%%%%%%%%%%%%%%%%%%%%%%%%%%%%%%%%
%
%   Power flow data for the IEEE RELIABILITY TEST SYSTEM 1979.
%
%   IEEE Reliability Test System Task Force of the Applications of
%   Probability Methods Subcommittee, "IEEE reliability test system,"
%   IEEE Transactions on Power Apparatus and Systems, Vol. 98, No. 6,
%   Nov./Dec. 1979, pp. 2047-2054.
%
%   Cost data is from Web site run by Georgia Tech Power Systems Control
%   and Automation Laboratory:
%       http://pscal.ece.gatech.edu/testsys/index.html
%
%   Matpower case file data provided by Bruce Wollenberg.
%
%   Copyright (c) 1979 The Institute of Electrical and Electronics Engineers (IEEE)
%   Licensed under the Creative Commons Attribution 4.0
%   International license, http://creativecommons.org/licenses/by/4.0/
%
%   Contact M.E. Brennan (me.brennan@ieee.org) for inquries on further reuse of
%   this dataset.
%
%% MATPOWER Case Format : Version 2
function mpc = pglib_opf_case24_ieee_rts
mpc.version = '2';

%%-----  Power Flow Data  -----%%
%% system MVA base
mpc.baseMVA = 100.0;
%% bus data
%    bus_i    type    Pd    Qd    Gs    Bs    area    Vm    Va    baseKV    zone    Vmax    Vmin
mpc.bus = [
	1	2	108.0	22.0	0.0	0.0	1	1.0	0.0	138.0	1	1.05	0.95				
	2	2	97.0	20.0	0.0	0.0	1	1.0	0.0	138.0	1	1.05	0.95				
	3	1	180.0	37.0	0.0	0.0	1	1.0	0.0	138.0	1	1.05	0.95				
	4	1	74.0	15.0	0.0	0.0	1	1.0	0.0	138.0	1	1.05	0.95				
	5	1	71.0	14.0	0.0	0.0	1	1.0	0.0	138.0	1	1.05	0.95				
	6	1	136.0	28.0	0.0	-100.0	2	1.0	0.0	138.0	1	1.05	0.95				
	7	2	125.0	25.0	0.0	0.0	2	1.0	0.0	138.0	1	1.05	0.95				
	8	1	171.0	35.0	0.0	0.0	2	1.0	0.0	138.0	1	1.05	0.95				
	9	1	175.0	36.0	0.0	0.0	1	1.0	0.0	138.0	1	1.05	0.95				
	10	1	195.0	40.0	0.0	0.0	2	1.0	0.0	138.0	1	1.05	0.95				
	11	1	0.0	0.0	0.0	0.0	3	1.0	0.0	230.0	1	1.05	0.95				
	12	1	0.0	0.0	0.0	0.0	3	1.0	0.0	230.0	1	1.05	0.95				
	13	3	265.0	54.0	0.0	0.0	3	1.0	0.0	230.0	1	1.05	0.95				
	14	2	194.0	39.0	0.0	0.0	3	1.0	0.0	230.0	1	1.05	0.95				
	15	2	317.0	64.0	0.0	0.0	4	1.0	0.0	230.0	1	1.05	0.95				
	16	2	100.0	20.0	0.0	0.0	4	1.0	0.0	230.0	1	1.05	0.95				
	17	1	0.0	0.0	0.0	0.0	4	1.0	0.0	230.0	1	1.05	0.95				
	18	2	333.0	68.0	0.0	0.0	4	1.0	0.0	230.0	1	1.05	0.95				
	19	1	181.0	37.0	0.0	0.0	3	1.0	0.0	230.0	1	1.05	0.95				
	20	1	128.0	26.0	0.0	0.0	3	1.0	0.0	230.0	1	1.05	0.95				
	21	2	0.0	0.0	0.0	0.0	4	1.0	0.0	230.0	1	1.05	0.95				
	22	2	0.0	0.0	0.0	0.0	4	1.0	0.0	230.0	1	1.05	0.95				
	23	2	0.0	0.0	0.0	0.0	3	1.0	0.0	230.0	1	1.05	0.95				
	24	1	0.0	0.0	0.0	0.0	4	1.0	0.0	230.0	1	1.05	0.95				
];

%%	 generator data
%    bus    Pg    Qg    Qmax    Qmin    Vg    mBase    status    Pmax    Pmin    Pc1    Pc2    Qc1min    Qc1max    Qc2min    Qc2max    ramp_agc    ramp_10    ramp_30    ramp_q    apf
mpc.gen = [
	1	18.0	5.0	10.0	0.0	1.0	100.0	1	20.0	16.0															
	1	18.0	5.0	10.0	0.0	1.0	100.0	1	20.0	16.0															
	1	45.6	2.5	30.0	-25.0	1.0	100.0	1	76.0	15.2															
	1	45.6	2.5	30.0	-25.0	1.0	100.0	1	76.0	15.2															
	2	18.0	5.0	10.0	0.0	1.0	100.0	1	20.0	16.0															
	2	18.0	5.0	10.0	0.0	1.0	100.0	1	20.0	16.0															
	2	45.6	2.5	30.0	-25.0	1.0	100.0	1	76.0	15.2															
	2	45.6	2.5	30.0	-25.0	1.0	100.0	1	76.0	15.2															
	7	62.5	30.0	60.0	0.0	1.0	100.0	1	100.0	25.0															
	7	62.5	30.0	60.0	0.0	1.0	100.0	1	100.0	25.0															
	7	62.5	30.0	60.0	0.0	1.0	100.0	1	100.0	25.0															
	13	133.0	40.0	80.0	0.0	1.0	100.0	1	197.0	69.0															
	13	133.0	40.0	80.0	0.0	1.0	100.0	1	197.0	69.0															
	13	133.0	40.0	80.0	0.0	1.0	100.0	1	197.0	69.0															
	14	0.0	75.0	200.0	-50.0	1.0	100.0	1	0.0	0.0															
	15	7.2	3.0	6.0	0.0	1.0	100.0	1	12.0	2.4															
	15	7.2	3.0	6.0	0.0	1.0	100.0	1	12.0	2.4															
	15	7.2	3.0	6.0	0.0	1.0	100.0	1	12.0	2.4															
	15	7.2	3.0	6.0	0.0	1.0	100.0	1	12.0	2.4															
	15	7.2	3.0	6.0	0.0	1.0	100.0	1	12.0	2.4															
	15	104.65	15.0	80.0	-50.0	1.0	100.0	1	155.0	54.3															
	16	104.65	15.0	80.0	-50.0	1.0	100.0	1	155.0	54.3															
	18	250.0	75.0	200.0	-50.0	1.0	100.0	1	400.0	100.0															
	21	250.0	75.0	200.0	-50.0	1.0	100.0	1	400.0	100.0															
	22	30.0	3.0	16.0	-10.0	1.0	100.0	1	50.0	10.0															
	22	30.0	3.0	16.0	-10.0	1.0	100.0	1	50.0	10.0															
	22	30.0	3.0	16.0	-10.0	1.0	100.0	1	50.0	10.0															
	22	30.0	3.0	16.0	-10.0	1.0	100.0	1	50.0	10.0															
	22	30.0	3.0	16.0	-10.0	1.0	100.0	1	50.0	10.0															
	22	30.0	3.0	16.0	-10.0	1.0	100.0	1	50.0	10.0															
	23	104.65	15.0	80.0	-50.0	1.0	100.0	1	155.0	54.3															
	23	104.65	15.0	80.0	-50.0	1.0	100.0	1	155.0	54.3															
	23	245.0	62.5	150.0	-25.0	1.0	100.0	1	350.0	140.0															
];

%%	 branch data
%    f_bus    t_bus    r    x    b    rateA    rateB    rateC    ratio    angle    status    angmin    angmax
