%%%%%%%%%%%%%%%%%%%%%%%%%%%%%%%%%%%%%%%%%%%%%%%%%%%%%%%%%%%%%%%%%%%%%%%%%%%
%%%%                                                                  %%%%%
%%%%    This is a modified SCOTS-feasible instance adapted from the   %%%%%
%%%%                                :                                 %%%%%
%%%%    IEEE PES Power Grid Library - Optimal Power Flow - v21.07     %%%%%
%%%%          (https://github.com/power-grid-lib/pglib-opf)           %%%%%
%%%%               Benchmark Group - Typical Operations               %%%%%
%%%%                         29 - July - 2021                         %%%%%
%%%%                                                                  %%%%%
%%%%%%%%%%%%%%%%%%%%%%%%%%%%%%%%%%%%%%%%%%%%%%%%%%%%%%%%%%%%%%%%%%%%%%%%%%%
%
%   A 179 bus model created for the APRA-e Grid Optimization Competition.
%   The model is loosely based on the Western Systems Coordinating Council 
%   (WECC/WSCC) network and is discussed in the following report,
%
%   Electric Power Research Institute
%   "DC multi-infeed study. Final report"
%   EPRI-TR-104586, December 1994.
%
%   The original model is available at,
%   https://gocompetition.energy.gov/competition/beta?page=data
%   Accessed, July 2018
%
%   Provided in the public domain. January, 2018
%
%% MATPOWER Case Format : Version 2
function mpc = pglib_opf_case179_goc
mpc.version = '2';

%%-----  Power Flow Data  -----%%
%% system MVA base
mpc.baseMVA = 100.0;
%% bus data
%    bus_i    type    Pd    Qd    Gs    Bs    area    Vm    Va    baseKV    zone    Vmax    Vmin
mpc.bus = [
	2	1	926.77	-54.77	0.0	0.0	1	1.003	0.0	1.0	1	1.108	0.898				
	3	1	0.0	0.0	0.0	0.0	1	1.003	0.0	1.0	1	1.108	0.898				
	4	2	46.71	0.0	0.0	0.0	1	1.003	0.0	1.0	1	1.108	0.898				
	5	1	1271.04	-122.37	0.0	0.0	1	1.003	0.0	1.0	1	1.108	0.898				
	6	2	48.57	0.0	0.0	0.0	1	1.003	0.0	1.0	1	1.108	0.898				
	7	1	0.0	0.0	0.0	-113.0	1	1.003	0.0	1.0	1	1.108	0.898				
	8	1	113.45	-54.21	0.0	-155.0	1	1.003	0.0	1.0	1	1.108	0.898				
	9	2	50.0	0.0	0.0	0.0	1	1.003	0.0	1.0	1	1.108	0.898				
	10	1	67.39	22.91	0.0	0.0	1	1.003	0.0	1.0	1	1.108	0.898				
	11	2	47.87	0.0	0.0	0.0	1	1.003	0.0	1.0	1	1.108	0.898				
	12	1	41.43	65.76	0.0	-190.0	2	1.003	0.0	1.0	1	1.108	0.898				
	13	2	48.55	0.0	0.0	0.0	2	1.003	0.0	1.0	1	1.108	0.898				
	14	1	0.0	0.0	0.0	-391.0	2	1.003	0.0	1.0	1	1.108	0.898				
	15	2	46.55	0.0	0.0	0.0	2	1.003	0.0	1.0	1	1.108	0.898				
	16	1	434.68	215.2	0.0	-146.0	2	1.003	0.0	1.0	1	1.108	0.898				
	17	1	459.25	4.79	0.0	390.0	1	1.003	0.0	1.0	1	1.108	0.898				
	18	2	51.79	0.0	0.0	0.0	1	1.003	0.0	1.0	1	1.108	0.898				
	19	1	327.45	-64.08	0.0	-427.0	2	1.003	0.0	1.0	1	1.108	0.898				
	20	1	0.0	0.0	0.0	0.0	2	1.003	0.0	1.0	1	1.108	0.898				
	21	1	0.0	0.0	0.0	0.0	2	1.003	0.0	1.0	1	1.108	0.898				
	22	1	0.0	0.0	0.0	0.0	2	1.003	0.0	1.0	1	1.108	0.898				
	23	1	0.0	0.0	0.0	0.0	2	1.003	0.0	1.0	1	1.108	0.898				
	24	1	0.0	0.0	0.0	0.0	2	1.003	0.0	1.0	1	1.108	0.898				
	25	1	0.0	0.0	0.0	0.0	2	1.003	0.0	1.0	1	1.108	0.898				
	26	1	0.0	0.0	0.0	0.0	2	1.003	0.0	1.0	1	1.108	0.898				
	27	1	0.0	0.0	0.0	0.0	2	1.003	0.0	1.0	1	1.108	0.898				
	28	1	0.0	0.0	0.0	0.0	1	1.003	0.0	1.0	1	1.108	0.898				
	29	1	0.0	0.0	0.0	0.0	1	1.003	0.0	1.0	1	1.108	0.898				
	30	2	49.3	0.0	0.0	0.0	1	1.003	0.0	1.0	1	1.108	0.898				
	31	1	2376.39	1052.35	0.0	0.0	1	1.003	0.0	1.0	1	1.108	0.898				
	32	1	0.0	0.0	0.0	0.0	1	1.003	0.0	1.0	1	1.108	0.898				
	33	1	0.0	0.0	0.0	0.0	1	1.003	0.0	1.0	1	1.108	0.898				
	34	1	1692.19	703.18	0.0	0.0	1	1.003	0.0	1.0	1	1.108	0.898				
	35	2	45.09	0.0	0.0	0.0	1	1.003	0.0	1.0	1	1.108	0.898				
	36	2	51.16	0.0	0.0	0.0	1	1.003	0.0	1.0	1	1.108	0.898				
	37	1	-843.68	1045.02	0.0	912.0	2	1.003	0.0	1.0	1	1.108	0.898				
	38	1	0.0	0.0	0.0	0.0	2	1.003	0.0	1.0	1	1.108	0.898				
	39	1	0.0	0.0	0.0	0.0	2	1.003	0.0	1.0	1	1.108	0.898				
	40	2	51.45	0.0	0.0	0.0	2	1.003	0.0	1.0	1	1.108	0.898				
	41	1	69.79	28.0	0.0	0.0	2	1.003	0.0	1.0	1	1.108	0.898				
	42	1	0.0	0.0	0.0	0.0	2	1.003	0.0	1.0	1	1.108	0.898				
	43	2	49.01	0.0	0.0	0.0	2	1.003	0.0	1.0	1	1.108	0.898				
	44	1	1098.25	902.5	0.0	430.0	1	1.003	0.0	1.0	1	1.108	0.898				
	45	2	52.83	0.0	0.0	0.0	1	1.003	0.0	1.0	1	1.108	0.898				
	46	1	-35.89	-17.32	0.0	0.0	2	1.003	0.0	1.0	1	1.108	0.898				
	47	2	53.25	0.0	0.0	0.0	2	1.003	0.0	1.0	1	1.108	0.898				
	48	1	55.04	24.01	0.0	0.0	2	1.003	0.0	1.0	1	1.108	0.898				
	49	1	0.0	0.0	0.0	-80.0	2	1.003	0.0	1.0	1	1.108	0.898				
	50	1	172.41	62.09	0.0	0.0	2	1.003	0.0	1.0	1	1.108	0.898				
	51	1	115.98	-58.77	0.0	0.0	2	1.003	0.0	1.0	1	1.108	0.898				
	52	1	0.0	0.0	0.0	0.0	2	1.003	0.0	1.0	1	1.108	0.898				
	53	1	0.0	0.0	0.0	0.0	2	1.003	0.0	1.0	1	1.108	0.898				
	54	1	74.1	29.03	0.0	0.0	2	1.003	0.0	1.0	1	1.108	0.898				
	55	1	427.39	126.16	0.0	0.0	2	1.003	0.0	1.0	1	1.108	0.898				
	56	1	0.0	0.0	0.0	0.0	2	1.003	0.0	1.0	1	1.108	0.898				
	57	1	62.17	24.03	0.0	0.0	2	1.003	0.0	1.0	1	1.108	0.898				
	58	1	59.47	25.47	0.0	0.0	2	1.003	0.0	1.0	1	1.108	0.898				
	59	1	480.82	-6.57	0.0	0.0	2	1.003	0.0	1.0	1	1.108	0.898				
	60	1	-1459.73	1687.42	0.0	2146.0	2	1.003	0.0	1.0	1	1.108	0.898				
	61	1	185.63	75.27	0.0	0.0	2	1.003	0.0	1.0	1	1.108	0.898				
	62	1	96.01	18.56	0.0	0.0	2	1.003	0.0	1.0	1	1.108	0.898				
	63	1	-69.23	30.32	0.0	-108.0	2	1.003	0.0	1.0	1	1.108	0.898				
	64	1	0.0	0.0	0.0	0.0	2	1.003	0.0	1.0	1	1.108	0.898				
	65	2	46.97	0.0	0.0	0.0	1	1.003	0.0	1.0	1	1.108	0.898				
	66	1	774.37	298.97	0.0	0.0	1	1.003	0.0	1.0	1	1.108	0.898				
	67	1	78.5	31.52	0.0	0.0	1	1.003	0.0	1.0	1	1.108	0.898				
	68	1	-35.37	174.17	0.0	576.85	1	1.003	0.0	1.0	1	1.108	0.898				
	69	1	-23.29	20.73	0.0	0.0	1	1.003	0.0	1.0	1	1.108	0.898				
	70	2	51.91	0.0	0.0	0.0	1	1.003	0.0	1.0	1	1.108	0.898				
	71	1	1486.08	1816.85	0.0	792.0	1	1.003	0.0	1.0	1	1.108	0.898				
	72	1	0.0	0.0	0.0	462.0	1	1.003	0.0	1.0	1	1.108	0.898				
	73	1	-781.91	-53.83	0.0	0.0	1	1.003	0.0	1.0	1	1.108	0.898				
	74	1	0.0	0.0	0.0	0.0	1	1.003	0.0	1.0	1	1.108	0.898				
	75	1	1223.08	413.7	0.0	0.0	1	1.003	0.0	1.0	1	1.108	0.898				
	76	1	1617.77	1164.73	0.0	1019.35	1	1.003	0.0	1.0	1	1.108	0.898				
	77	3	54.24	0.0	0.0	0.0	1	1.003	0.0	1.0	1	1.108	0.898				
	78	1	1780.83	538.1	0.0	550.0	1	1.003	0.0	1.0	1	1.108	0.898				
	79	2	53.91	0.0	0.0	0.0	1	1.003	0.0	1.0	1	1.108	0.898				
	80	1	2289.75	396.38	0.0	1200.0	1	1.003	0.0	1.0	1	1.108	0.898				
	81	1	0.0	0.0	0.0	-220.0	1	1.003	0.0	1.0	1	1.108	0.898				
	82	1	-30.36	-92.62	0.0	-674.0	1	1.003	0.0	1.0	1	1.108	0.898				
	83	1	-185.65	-127.12	0.0	-110.0	1	1.003	0.0	1.0	1	1.108	0.898				
	84	1	0.0	0.0	0.0	-220.0	1	1.003	0.0	1.0	1	1.108	0.898				
	85	1	307.42	-452.74	0.0	-870.0	1	1.003	0.0	1.0	1	1.108	0.898				
	86	1	0.0	0.0	0.0	0.0	1	1.003	0.0	1.0	1	1.108	0.898				
	87	1	0.0	0.0	0.0	0.0	1	1.003	0.0	1.0	1	1.108	0.898				
	88	1	0.0	0.0	0.0	0.0	1	1.003	0.0	1.0	1	1.108	0.898				
	89	1	0.0	0.0	0.0	0.0	1	1.003	0.0	1.0	1	1.108	0.898				
	90	1	0.0	0.0	0.0	0.0	1	1.003	0.0	1.0	1	1.108	0.898				
	91	1	0.0	0.0	0.0	0.0	1	1.003	0.0	1.0	1	1.108	0.898				
	92	1	0.0	0.0	0.0	0.0	1	1.003	0.0	1.0	1	1.108	0.898				
	93	1	0.0	0.0	0.0	0.0	1	1.003	0.0	1.0	1	1.108	0.898				
	94	1	0.0	0.0	0.0	0.0	1	1.003	0.0	1.0	1	1.108	0.898				
	95	1	0.0	0.0	0.0	0.0	1	1.003	0.0	1.0	1	1.108	0.898				
	96	1	0.0	0.0	0.0	0.0	1	1.003	0.0	1.0	1	1.108	0.898				
	97	1	0.0	0.0	0.0	0.0	1	1.003	0.0	1.0	1	1.108	0.898				
	98	1	0.0	0.0	0.0	0.0	1	1.003	0.0	1.0	1	1.108	0.898				
	99	1	0.0	0.0	0.0	0.0	1	1.003	0.0	1.0	1	1.108	0.898				
	100	1	-19.81	21.24	0.0	0.0	3	1.003	0.0	1.0	1	1.108	0.898				
	101	1	107.66	-82.5	0.0	0.0	3	1.003	0.0	1.0	1	1.108	0.898				
	102	1	23.75	26.25	0.0	0.0	2	1.003	0.0	1.0	1	1.108	0.898				
	103	2	54.62	0.0	0.0	0.0	2	1.003	0.0	1.0	1	1.108	0.898				
	104	1	167.6	-8.03	0.0	-91.0	2	1.003	0.0	1.0	1	1.108	0.898				
	105	1	14.28	-0.11	0.0	0.0	3	1.003	0.0	1.0	1	1.108	0.898				
	106	1	3.78	0.0	0.0	0.0	3	1.003	0.0	1.0	1	1.108	0.898				
	107	1	131.26	13.82	0.0	0.0	2	1.003	0.0	1.0	1	1.108	0.898				
	108	1	28.61	-310.03	0.0	-327.0	2	1.003	0.0	1.0	1	1.108	0.898				
	109	1	427.13	35.78	0.0	-130.0	2	1.003	0.0	1.0	1	1.108	0.898				
