%%%%%%%%%%%%%%%%%%%%%%%%%%%%%%%%%%%%%%%%%%%%%%%%%%%%%%%%%%%%%%%%%%%%%%%%%%%
%%%%                                                                  %%%%%
%%%%    This is a modified SCOTS-feasible instance adapted from the   %%%%%
%%%%                                :                                 %%%%%
%%%%    IEEE PES Power Grid Library - Optimal Power Flow - v21.07     %%%%%
%%%%          (https://github.com/power-grid-lib/pglib-opf)           %%%%%
%%%%               Benchmark Group - Typical Operations               %%%%%
%%%%                         29 - July - 2021                         %%%%%
%%%%                                                                  %%%%%
%%%%%%%%%%%%%%%%%%%%%%%%%%%%%%%%%%%%%%%%%%%%%%%%%%%%%%%%%%%%%%%%%%%%%%%%%%%
%
%   Power flow data for IEEE 300 bus test case.
%   This data was converted from IEEE Common Data Format
%   (ieee300cdf.txt) on 20-Sep-2004 by cdf2matp, rev. 1.11
%
%   Converted from IEEE CDF file from:
%       http://www.ee.washington.edu/research/pstca/
%
%   Copyright (c) 1999 by Richard D. Christie, University of Washington
%   Electrical Engineering Licensed under the Creative Commons Attribution 4.0
%   International license, http://creativecommons.org/licenses/by/4.0/
%
%   CDF Header:
%   13/05/91 CYME INTERNATIONAL    100.0 1991 S IEEE 300-BUS TEST SYSTEM
%
%% MATPOWER Case Format : Version 2
function mpc = pglib_opf_case300_ieee
mpc.version = '2';

%%-----  Power Flow Data  -----%%
%% system MVA base
mpc.baseMVA = 100.0;
%% bus data
%    bus_i    type    Pd    Qd    Gs    Bs    area    Vm    Va    baseKV    zone    Vmax    Vmin
mpc.bus = [
	1	1	90.0	49.0	0.0	0.0	1	1.0	0.0	115.0	1	1.06	0.94				
	2	1	56.0	15.0	0.0	0.0	1	1.0	0.0	115.0	1	1.06	0.94				
	3	1	20.0	0.0	0.0	0.0	1	1.0	0.0	230.0	1	1.06	0.94				
	4	1	0.0	0.0	0.0	0.0	1	1.0	0.0	345.0	1	1.06	0.94				
	5	1	353.0	130.0	0.0	0.0	1	1.0	0.0	115.0	1	1.06	0.94				
	6	1	120.0	41.0	0.0	0.0	1	1.0	0.0	115.0	1	1.06	0.94				
	7	1	0.0	0.0	0.0	0.0	1	1.0	0.0	230.0	1	1.06	0.94				
	8	2	63.0	14.0	0.0	0.0	1	1.0	0.0	115.0	1	1.06	0.94				
	9	1	96.0	43.0	0.0	0.0	1	1.0	0.0	115.0	1	1.06	0.94				
	10	2	153.0	33.0	0.0	0.0	1	1.0	0.0	230.0	1	1.06	0.94				
	11	1	83.0	21.0	0.0	0.0	1	1.0	0.0	115.0	1	1.06	0.94				
	12	1	0.0	0.0	0.0	0.0	1	1.0	0.0	230.0	1	1.06	0.94				
	13	1	58.0	10.0	0.0	0.0	1	1.0	0.0	115.0	1	1.06	0.94				
	14	1	160.0	60.0	0.0	0.0	1	1.0	0.0	115.0	1	1.06	0.94				
	15	1	126.7	23.0	0.0	0.0	1	1.0	0.0	115.0	1	1.06	0.94				
	16	1	0.0	0.0	0.0	0.0	1	1.0	0.0	345.0	1	1.06	0.94				
	17	1	561.0	220.0	0.0	0.0	1	1.0	0.0	115.0	1	1.06	0.94				
	19	1	0.0	0.0	0.0	0.0	1	1.0	0.0	230.0	1	1.06	0.94				
	20	2	605.0	120.0	0.0	0.0	1	1.0	0.0	115.0	1	1.06	0.94				
	21	1	77.0	1.0	0.0	0.0	1	1.0	0.0	230.0	1	1.06	0.94				
	22	1	81.0	23.0	0.0	0.0	1	1.0	0.0	115.0	1	1.06	0.94				
	23	1	21.0	7.0	0.0	0.0	1	1.0	0.0	115.0	1	1.06	0.94				
	24	1	0.0	0.0	0.0	0.0	1	1.0	0.0	230.0	1	1.06	0.94				
	25	1	45.0	12.0	0.0	0.0	1	1.0	0.0	115.0	1	1.06	0.94				
	26	1	28.0	9.0	0.0	0.0	1	1.0	0.0	115.0	1	1.06	0.94				
	27	1	69.0	13.0	0.0	0.0	1	1.0	0.0	115.0	1	1.06	0.94				
	33	1	55.0	6.0	0.0	0.0	1	1.0	0.0	115.0	1	1.06	0.94				
	34	1	0.0	0.0	0.0	0.0	1	1.0	0.0	345.0	1	1.06	0.94				
	35	1	0.0	0.0	0.0	0.0	1	1.0	0.0	115.0	1	1.06	0.94				
	36	1	0.0	0.0	0.0	0.0	1	1.0	0.0	230.0	1	1.06	0.94				
	37	1	85.0	32.0	0.0	0.0	1	1.0	0.0	115.0	1	1.06	0.94				
	38	1	155.0	18.0	0.0	0.0	1	1.0	0.0	115.0	1	1.06	0.94				
	39	1	0.0	0.0	0.0	0.0	1	1.0	0.0	345.0	1	1.06	0.94				
	40	1	46.0	-21.0	0.0	0.0	1	1.0	0.0	115.0	1	1.06	0.94				
	41	1	86.0	0.0	0.0	0.0	1	1.0	0.0	115.0	1	1.06	0.94				
	42	1	0.0	0.0	0.0	0.0	1	1.0	0.0	345.0	1	1.06	0.94				
	43	1	39.0	9.0	0.0	0.0	1	1.0	0.0	115.0	1	1.06	0.94				
	44	1	195.0	29.0	0.0	0.0	1	1.0	0.0	115.0	1	1.06	0.94				
	45	1	0.0	0.0	0.0	0.0	1	1.0	0.0	230.0	1	1.06	0.94				
	46	1	0.0	0.0	0.0	0.0	1	1.0	0.0	345.0	1	1.06	0.94				
	47	1	58.0	11.8	0.0	0.0	1	1.0	0.0	115.0	1	1.06	0.94				
	48	1	41.0	19.0	0.0	0.0	1	1.0	0.0	115.0	1	1.06	0.94				
	49	1	92.0	26.0	0.0	0.0	1	1.0	0.0	115.0	1	1.06	0.94				
	51	1	-5.0	5.0	0.0	0.0	1	1.0	0.0	115.0	1	1.06	0.94				
	52	1	61.0	28.0	0.0	0.0	1	1.0	0.0	115.0	1	1.06	0.94				
	53	1	69.0	3.0	0.0	0.0	1	1.0	0.0	115.0	1	1.06	0.94				
	54	1	10.0	1.0	0.0	0.0	1	1.0	0.0	115.0	1	1.06	0.94				
	55	1	22.0	10.0	0.0	0.0	1	1.0	0.0	115.0	1	1.06	0.94				
	57	1	98.0	20.0	0.0	0.0	1	1.0	0.0	115.0	1	1.06	0.94				
	58	1	14.0	1.0	0.0	0.0	1	1.0	0.0	115.0	1	1.06	0.94				
	59	1	218.0	106.0	0.0	0.0	1	1.0	0.0	115.0	1	1.06	0.94				
	60	1	0.0	0.0	0.0	0.0	1	1.0	0.0	230.0	1	1.06	0.94				
	61	1	227.0	110.0	0.0	0.0	1	1.0	0.0	115.0	1	1.06	0.94				
	62	1	0.0	0.0	0.0	0.0	1	1.0	0.0	230.0	1	1.06	0.94				
	63	2	70.0	30.0	0.0	0.0	1	1.0	0.0	115.0	1	1.06	0.94				
	64	1	0.0	0.0	0.0	0.0	1	1.0	0.0	230.0	1	1.06	0.94				
	69	1	0.0	0.0	0.0	0.0	1	1.0	0.0	115.0	1	1.06	0.94				
	70	1	56.0	20.0	0.0	0.0	1	1.0	0.0	115.0	1	1.06	0.94				
	71	1	116.0	38.0	0.0	0.0	1	1.0	0.0	115.0	1	1.06	0.94				
	72	1	57.0	19.0	0.0	0.0	1	1.0	0.0	115.0	1	1.06	0.94				
	73	1	224.0	71.0	0.0	0.0	1	1.0	0.0	115.0	1	1.06	0.94				
	74	1	0.0	0.0	0.0	0.0	1	1.0	0.0	230.0	1	1.06	0.94				
	76	2	208.0	107.0	0.0	0.0	1	1.0	0.0	115.0	1	1.06	0.94				
	77	1	74.0	28.0	0.0	0.0	1	1.0	0.0	115.0	1	1.06	0.94				
	78	1	0.0	0.0	0.0	0.0	1	1.0	0.0	115.0	1	1.06	0.94				
	79	1	48.0	14.0	0.0	0.0	1	1.0	0.0	115.0	1	1.06	0.94				
	80	1	28.0	7.0	0.0	0.0	1	1.0	0.0	115.0	1	1.06	0.94				
	81	1	0.0	0.0	0.0	0.0	1	1.0	0.0	345.0	1	1.06	0.94				
	84	2	37.0	13.0	0.0	0.0	1	1.0	0.0	115.0	1	1.06	0.94				
	85	1	0.0	0.0	0.0	0.0	1	1.0	0.0	230.0	1	1.06	0.94				
	86	1	0.0	0.0	0.0	0.0	1	1.0	0.0	230.0	1	1.06	0.94				
	87	1	0.0	0.0	0.0	0.0	1	1.0	0.0	230.0	1	1.06	0.94				
	88	1	0.0	0.0	0.0	0.0	1	1.0	0.0	230.0	1	1.06	0.94				
	89	1	44.2	0.0	0.0	0.0	1	1.0	0.0	115.0	1	1.06	0.94				
	90	1	66.0	0.0	0.0	0.0	1	1.0	0.0	115.0	1	1.06	0.94				
	91	2	17.4	0.0	0.0	0.0	1	1.0	0.0	115.0	1	1.06	0.94				
	92	2	15.8	0.0	0.0	0.0	1	1.0	0.0	115.0	1	1.06	0.94				
	94	1	60.3	0.0	0.0	0.0	1	1.0	0.0	115.0	1	1.06	0.94				
	97	1	39.9	0.0	0.0	0.0	1	1.0	0.0	115.0	1	1.06	0.94				
	98	2	66.7	0.0	0.0	0.0	1	1.0	0.0	115.0	1	1.06	0.94				
	99	1	83.5	0.0	0.0	0.0	1	1.0	0.0	115.0	1	1.06	0.94				
	100	1	0.0	0.0	0.0	0.0	1	1.0	0.0	115.0	1	1.06	0.94				
	102	1	77.8	0.0	0.0	0.0	1	1.0	0.0	115.0	1	1.06	0.94				
	103	1	32.0	0.0	0.0	0.0	1	1.0	0.0	115.0	1	1.06	0.94				
	104	1	8.6	0.0	0.0	0.0	1	1.0	0.0	115.0	1	1.06	0.94				
	105	1	49.6	0.0	0.0	0.0	1	1.0	0.0	115.0	1	1.06	0.94				
	107	1	4.6	0.0	0.0	0.0	1	1.0	0.0	115.0	1	1.06	0.94				
	108	2	112.1	0.0	0.0	0.0	1	1.0	0.0	115.0	1	1.06	0.94				
	109	1	30.7	0.0	0.0	0.0	1	1.0	0.0	115.0	1	1.06	0.94				
	110	1	63.0	0.0	0.0	0.0	1	1.0	0.0	115.0	1	1.06	0.94				
	112	1	19.6	0.0	0.0	0.0	1	1.0	0.0	115.0	1	1.06	0.94				
	113	1	26.2	0.0	0.0	0.0	1	1.0	0.0	115.0	1	1.06	0.94				
	114	1	18.2	0.0	0.0	0.0	1	1.0	0.0	115.0	1	1.06	0.94				
	115	1	0.0	0.0	0.0	0.0	1	1.0	0.0	115.0	2	1.06	0.94				
	116	1	0.0	0.0	0.0	0.0	1	1.0	0.0	115.0	2	1.06	0.94				
	117	1	0.0	0.0	0.0	325.0	1	1.0	0.0	115.0	2	1.06	0.94				
	118	1	14.1	650.0	0.0	0.0	1	1.0	0.0	115.0	2	1.06	0.94				
	119	2	0.0	0.0	0.0	0.0	1	1.0	0.0	115.0	2	1.06	0.94				
	120	1	777.0	215.0	0.0	55.0	1	1.0	0.0	115.0	2	1.06	0.94				
	121	1	535.0	55.0	0.0	0.0	1	1.0	0.0	115.0	2	1.06	0.94				
	122	1	229.1	11.8	0.0	0.0	1	1.0	0.0	115.0	2	1.06	0.94				
	123	1	78.0	1.4	0.0	0.0	1	1.0	0.0	115.0	2	1.06	0.94				
	124	2	276.4	59.3	0.0	0.0	1	1.0	0.0	115.0	2	1.06	0.94				
	125	2	514.8	82.7	0.0	0.0	1	1.0	0.0	115.0	2	1.06	0.94				
	126	1	57.9	5.1	0.0	0.0	1	1.0	0.0	115.0	2	1.06	0.94				
	127	1	380.8	37.0	0.0	0.0	1	1.0	0.0	230.0	2	1.06	0.94				
	128	1	0.0	0.0	0.0	0.0	1	1.0	0.0	230.0	2	1.06	0.94				
	129	1	0.0	0.0	0.0	0.0	1	1.0	0.0	230.0	2	1.06	0.94				
	130	1	0.0	0.0	0.0	0.0	1	1.0	0.0	230.0	2	1.06	0.94				
	131	1	0.0	0.0	0.0	0.0	1	1.0	0.0	230.0	2	1.06	0.94				
	132	1	0.0	0.0	0.0	0.0	1	1.0	0.0	230.0	2	1.06	0.94				
	133	1	0.0	0.0	0.0	0.0	1	1.0	0.0	230.0	2	1.06	0.94				
	134	1	0.0	0.0	0.0	0.0	1	1.0	0.0	230.0	2	1.06	0.94				
	135	1	169.2	41.6	0.0	0.0	1	1.0	0.0	230.0	2	1.06	0.94				
